-----------------------------Iteration 0:-----------------------------
Path [[0, 1]]
Phermones 1.0 
 
Path [[1, 2]]
Phermones 1.0 
 
Path [[2, 3]]
Phermones 1.0 
 
Path [[3, 4]]
Phermones 1.0 
 
Path [[4, 5]]
Phermones 1.0 
 
Path [[4, 6]]
Phermones 1.0 
 
Path [[5, 4]]
Phermones 1.0 
 
Path [[6, 7]]
Phermones 1.0 
 
Path [[7, 8]]
Phermones 1.0 
 
Path [[8, 9]]
Phermones 7.0 
 
Path [[9, 10]]
Phermones 7.0 
 
Path [[10, 8]]
Phermones 6.0 
 
After applying the decay factor: 
array([[0.  , 0.95, 0.  , 0.  , 0.  , 0.  , 0.  , 0.  , 0.  , 0.  , 0.  ],
       [0.  , 0.  , 0.95, 0.  , 0.  , 0.  , 0.  , 0.  , 0.  , 0.  , 0.  ],
       [0.  , 0.  , 0.  , 0.95, 0.  , 0.  , 0.  , 0.  , 0.  , 0.  , 0.  ],
       [0.  , 0.  , 0.  , 0.  , 0.95, 0.  , 0.  , 0.  , 0.  , 0.  , 0.  ],
       [0.  , 0.  , 0.  , 0.  , 0.  , 0.95, 0.95, 0.  , 0.  , 0.  , 0.  ],
       [0.  , 0.  , 0.  , 0.  , 0.95, 0.  , 0.  , 0.  , 0.  , 0.  , 0.  ],
       [0.  , 0.  , 0.  , 0.  , 0.  , 0.  , 0.  , 0.95, 0.  , 0.  , 0.  ],
       [0.  , 0.  , 0.  , 0.  , 0.  , 0.  , 0.  , 0.  , 0.95, 0.  , 0.  ],
       [0.  , 0.  , 0.  , 0.  , 0.  , 0.  , 0.  , 0.  , 0.  , 6.65, 0.  ],
       [0.  , 0.  , 0.  , 0.  , 0.  , 0.  , 0.  , 0.  , 0.  , 0.  , 6.65],
       [0.  , 0.  , 0.  , 0.  , 0.  , 0.  , 0.  , 0.  , 5.7 , 0.  , 0.  ]])
-----------------------------Iteration 1:-----------------------------
Path [[0, 1], [1, 2], [2, 3], [3, 4], [4, 5]]
Phermones 1.95 1.95 1.95 1.95 1.95 
 
Path [[1, 2], [2, 3], [3, 4], [4, 5]]
Phermones 2.95 2.95 2.95 2.95 
 
Path [[2, 3], [3, 4], [4, 5]]
Phermones 3.95 3.95 3.95 
 
Path [[3, 4], [4, 5]]
Phermones 4.95 4.95 
 
Path [[4, 5]]
Phermones 5.95 
 
Path [[4, 6], [6, 7], [7, 8], [8, 9], [9, 10]]
Phermones 1.95 1.95 1.95 13.65 13.65 
 
Path [[5, 4]]
Phermones 1.95 
 
Path [[6, 7], [7, 8], [8, 9], [9, 10]]
Phermones 2.95 2.95 20.65 20.65 
 
Path [[7, 8], [8, 9], [9, 10]]
Phermones 3.95 27.65 27.65 
 
Path [[8, 9], [9, 10]]
Phermones 34.65 34.65 
 
Path [[9, 10]]
Phermones 41.65 
 
Path [[10, 8], [8, 9]]
Phermones 11.7 41.65 
 
After applying the decay factor: 
array([[ 0.    ,  1.8525,  0.    ,  0.    ,  0.    ,  0.    ,  0.    ,
         0.    ,  0.    ,  0.    ,  0.    ],
       [ 0.    ,  0.    ,  2.8025,  0.    ,  0.    ,  0.    ,  0.    ,
         0.    ,  0.    ,  0.    ,  0.    ],
       [ 0.    ,  0.    ,  0.    ,  3.7525,  0.    ,  0.    ,  0.    ,
         0.    ,  0.    ,  0.    ,  0.    ],
       [ 0.    ,  0.    ,  0.    ,  0.    ,  4.7025,  0.    ,  0.    ,
         0.    ,  0.    ,  0.    ,  0.    ],
       [ 0.    ,  0.    ,  0.    ,  0.    ,  0.    ,  5.6525,  1.8525,
         0.    ,  0.    ,  0.    ,  0.    ],
       [ 0.    ,  0.    ,  0.    ,  0.    ,  1.8525,  0.    ,  0.    ,
         0.    ,  0.    ,  0.    ,  0.    ],
       [ 0.    ,  0.    ,  0.    ,  0.    ,  0.    ,  0.    ,  0.    ,
         2.8025,  0.    ,  0.    ,  0.    ],
       [ 0.    ,  0.    ,  0.    ,  0.    ,  0.    ,  0.    ,  0.    ,
         0.    ,  3.7525,  0.    ,  0.    ],
       [ 0.    ,  0.    ,  0.    ,  0.    ,  0.    ,  0.    ,  0.    ,
         0.    ,  0.    , 39.5675,  0.    ],
       [ 0.    ,  0.    ,  0.    ,  0.    ,  0.    ,  0.    ,  0.    ,
         0.    ,  0.    ,  0.    , 39.5675],
       [ 0.    ,  0.    ,  0.    ,  0.    ,  0.    ,  0.    ,  0.    ,
         0.    , 11.115 ,  0.    ,  0.    ]])
